1.13167e-07
1.13166e-07
1.13157e-07
1.13154e-07
1.13132e-07
1.1314e-07
1.13137e-07
1.13141e-07
1.13137e-07
1.1312e-07
1.13116e-07
1.13116e-07
1.1313e-07
1.13148e-07
1.13165e-07
1.13173e-07
1.13174e-07
1.13152e-07
1.13152e-07
1.13154e-07
1.1315e-07
1.13169e-07
1.13171e-07
1.13177e-07
1.13181e-07
1.13169e-07
1.13167e-07
1.13156e-07
1.13152e-07
1.13168e-07
1.13176e-07
1.13183e-07
1.13185e-07
1.13179e-07
1.13167e-07
1.13156e-07
1.13152e-07
1.13156e-07
1.13166e-07
1.13171e-07
1.13168e-07
1.13151e-07
1.13139e-07
1.13144e-07
1.13142e-07
1.13159e-07
1.1316e-07
1.13151e-07
1.1315e-07
1.13154e-07
1.13156e-07
1.13167e-07
1.13174e-07
1.13162e-07
1.13163e-07
1.13172e-07
1.13158e-07
1.13149e-07
1.13154e-07
1.13136e-07
1.3056e-08
1.30552e-08
1.3056e-08
1.30558e-08
1.30507e-08
1.30529e-08
1.30539e-08
1.30523e-08
1.30474e-08
1.30477e-08
1.30461e-08
1.30502e-08
1.30534e-08
1.30523e-08
1.30503e-08
1.30487e-08
1.30505e-08
1.30478e-08
1.30455e-08
1.30457e-08
1.30472e-08
1.30484e-08
1.30474e-08
1.30492e-08
1.30488e-08
1.30471e-08
1.30478e-08
1.30507e-08
1.30497e-08
1.30487e-08
1.30499e-08
1.30509e-08
1.30536e-08
1.30526e-08
1.30554e-08
1.30522e-08
1.30524e-08
1.30523e-08
1.3054e-08
1.30538e-08
1.30518e-08
1.30504e-08
1.30517e-08
1.30531e-08
1.30539e-08
1.30514e-08
1.30522e-08
1.30534e-08
1.30526e-08
1.30547e-08
1.30567e-08
1.30569e-08
1.30548e-08
1.30514e-08
1.30496e-08
1.30484e-08
1.30523e-08
1.30544e-08
1.30541e-08
1.30525e-08
9.78165e-09
9.78269e-09
9.78287e-09
9.77894e-09
9.77921e-09
9.78027e-09
9.78281e-09
9.7831e-09
9.78051e-09
9.77946e-09
9.78157e-09
9.78235e-09
9.78056e-09
9.78085e-09
9.77978e-09
9.77927e-09
9.78149e-09
9.78202e-09
9.78215e-09
9.78252e-09
9.78009e-09
9.77997e-09
9.78175e-09
9.78199e-09
9.78166e-09
9.7821e-09
9.78287e-09
9.78273e-09
9.7811e-09
9.78077e-09
9.78099e-09
9.78077e-09
9.78023e-09
9.78372e-09
9.78418e-09
9.78155e-09
9.78e-09
9.7818e-09
9.78182e-09
9.78234e-09
9.78287e-09
9.78263e-09
9.78042e-09
9.77844e-09
9.78185e-09
9.78185e-09
9.78182e-09
9.78263e-09
9.7826e-09
9.78038e-09
9.78237e-09
9.78352e-09
9.78268e-09
9.78075e-09
9.78065e-09
9.78211e-09
9.78063e-09
9.78065e-09
9.78066e-09
9.77997e-09
1.27917e-08
1.27911e-08
1.2791e-08
1.27916e-08
1.27901e-08
1.27907e-08
1.27915e-08
1.27902e-08
1.27913e-08
1.27906e-08
1.27914e-08
1.2791e-08
1.279e-08
1.27905e-08
1.27913e-08
1.27902e-08
1.27908e-08
1.27914e-08
1.27914e-08
1.2791e-08
1.27907e-08
1.27902e-08
1.27909e-08
1.27919e-08
1.27911e-08
1.2791e-08
1.27914e-08
1.27912e-08
1.27894e-08
1.27916e-08
1.27913e-08
1.27908e-08
1.27913e-08
1.27907e-08
1.2791e-08
1.27908e-08
1.27909e-08
1.27913e-08
1.27912e-08
1.27914e-08
1.27904e-08
1.27905e-08
1.2791e-08
1.27907e-08
1.27912e-08
1.27912e-08
1.2791e-08
1.27903e-08
1.27911e-08
1.2791e-08
1.27907e-08
1.27908e-08
1.27903e-08
1.27907e-08
1.27907e-08
1.27915e-08
1.27918e-08
1.279e-08
1.27916e-08
1.27905e-08
6.53096e-09
6.53138e-09
6.53127e-09
6.53105e-09
6.53101e-09
6.53093e-09
6.53117e-09
6.53127e-09
6.53124e-09
6.53134e-09
6.53125e-09
6.53135e-09
6.53154e-09
6.53104e-09
6.53113e-09
6.53153e-09
6.53094e-09
6.53149e-09
6.53127e-09
6.53162e-09
6.53125e-09
6.53113e-09
6.5314e-09
6.53148e-09
6.53118e-09
6.53127e-09
6.53152e-09
6.53118e-09
6.53113e-09
6.53121e-09
6.53128e-09
6.53141e-09
6.53131e-09
6.53106e-09
6.53153e-09
6.53159e-09
6.53111e-09
6.53115e-09
6.53129e-09
6.53098e-09
6.53183e-09
6.53128e-09
6.53124e-09
6.5315e-09
6.53127e-09
6.53145e-09
6.53147e-09
6.5313e-09
6.53093e-09
6.53114e-09
6.53096e-09
6.53135e-09
6.53118e-09
6.53143e-09
6.53098e-09
6.53123e-09
6.5315e-09
6.53118e-09
6.53144e-09
6.53117e-09
