9.78159e-09
9.7815e-09
9.78177e-09
9.78254e-09
9.78213e-09
9.78126e-09
9.78337e-09
9.77998e-09
9.78017e-09
9.78083e-09
9.7805e-09
9.7826e-09
9.78228e-09
9.78223e-09
9.78137e-09
9.77985e-09
9.78251e-09
9.78146e-09
9.7811e-09
9.7807e-09
9.78038e-09
9.78048e-09
9.78248e-09
9.78265e-09
9.78269e-09
9.77927e-09
9.78177e-09
9.78149e-09
9.78359e-09
9.78095e-09
9.78297e-09
9.78249e-09
9.78096e-09
9.78146e-09
9.78135e-09
9.77965e-09
9.78111e-09
9.78037e-09
9.77963e-09
9.78102e-09
9.78136e-09
9.78047e-09
9.78186e-09
9.7825e-09
9.77917e-09
9.77985e-09
9.78148e-09
9.78254e-09
9.78165e-09
9.78062e-09
9.78244e-09
9.78114e-09
9.78118e-09
9.78276e-09
9.78065e-09
9.78086e-09
9.78026e-09
9.78205e-09
9.78289e-09
9.782e-09
9.78113e-09
9.78092e-09
9.78287e-09
9.78035e-09
9.78146e-09
9.77869e-09
9.78273e-09
9.78039e-09
9.78165e-09
9.77981e-09
9.78156e-09
9.78261e-09
9.77998e-09
9.77924e-09
9.78034e-09
9.78162e-09
9.78187e-09
9.78028e-09
9.78052e-09
9.7841e-09
9.78212e-09
9.7823e-09
9.78106e-09
9.78208e-09
9.78096e-09
9.78243e-09
9.78121e-09
9.78292e-09
9.78191e-09
9.78094e-09
9.78057e-09
9.78109e-09
9.78051e-09
9.78069e-09
9.78228e-09
9.78295e-09
9.78103e-09
9.78252e-09
9.77971e-09
9.78002e-09
9.78105e-09
9.78017e-09
9.78168e-09
9.78233e-09
9.78238e-09
9.78005e-09
9.78228e-09
9.78285e-09
9.77976e-09
9.783e-09
9.78121e-09
9.7821e-09
9.78333e-09
9.78076e-09
9.78024e-09
9.78207e-09
9.78108e-09
9.78159e-09
9.78025e-09
9.78343e-09
9.78161e-09
9.78142e-09
9.78314e-09
9.78322e-09
9.78069e-09
9.78009e-09
9.78293e-09
9.7807e-09
9.78131e-09
9.78312e-09
9.78253e-09
9.78271e-09
9.78169e-09
9.77993e-09
9.7825e-09
9.77986e-09
9.78143e-09
9.78075e-09
9.78098e-09
9.78128e-09
9.77975e-09
9.7806e-09
9.78146e-09
9.78161e-09
9.78198e-09
9.78211e-09
9.78023e-09
9.78087e-09
9.77914e-09
9.78114e-09
9.78282e-09
9.78129e-09
9.78187e-09
9.77947e-09
9.7819e-09
9.78265e-09
9.78289e-09
9.78247e-09
9.78039e-09
9.77923e-09
9.78073e-09
9.78202e-09
9.77981e-09
9.78107e-09
9.78199e-09
9.78013e-09
9.77956e-09
9.77965e-09
9.78128e-09
9.78099e-09
9.78274e-09
9.78265e-09
9.78243e-09
9.78157e-09
9.78178e-09
9.77988e-09
9.78035e-09
9.78242e-09
9.77756e-09
9.7823e-09
